802942
932924
748507
788675
511910
797887
837811
267694
913501
483095
838259
615359
9209
504275
524051
981533
130313
952652
102720
583667
323858
954819
585385
223773
745653
812821
491318
903020
943084
840541
890776
938966
938035
771046
216251
381245
268867
147019
912857
500314
109497
640430
380968
226886
585238
410513
940723
81445
978592
142548
194759
820079
775909
684747
600387
367516
622815
893691
128531
528427
126899
468082
503158
943824
85588
864896
303418
433400
142532
532757
212746
485114
21883
769080
203102
328027
768224
259362
168528
526910
648884
558197
543695
155558
548494
180380
372396
921322
701057
79360
472146
515252
32985
768547
180179
790389
586116
927581
897757
213417
929038
120241
638923
242882
167429
382412
453975
346804
21243
237977
300974
876636
153130
745923
268572
235021
827506
136840
116646
84409
64637
540919
121143
407161
769603
298758
114034
520057
533161
638226
269350
475139
636101
960755
220319
567334
559357
350395
811161
896195
112397
634316
237392
483891
910502
750995
468659
280984
439156
649765
299063
398335
551800
306868
933511
675183
431956
9773
941016
639185
409062
155826
117531
472251
674955
707055
199052
86427
402181
442587
771176
988028
792887
592973
198523
47672
513805
328696
124951
82363
572280
490565
749088
778095
670615
944780
742085
736585
623025
880238
822089
405104
835679
139409
631615
680645
901319
403833
220308
767571
