480868
87933
975919
752451
409447
476758
926175
419466
579441
59506
443928
859314
87210
801444
935629
997064
991382
251552
19883
934354
856086
725906
721318
638395
714568
107100
366063
772440
727049
569642
784322
72406
962778
275378
498395
648898
167840
898957
493640
344373
459781
884013
779866
758682
533885
612411
863797
692702
853155
150606
372935
81586
231361
302345
863829
378111
317550
218961
329201
667496
448082
71081
860040
653173
763206
35757
918616
794721
919830
357800
107262
100353
181352
666834
82221
881294
618806
265897
507643
956754
