249302
950960
996973
266837
821903
277438
821941
218533
156836
974673
297728
149852
924242
242906
81810
343320
520373
811104
208136
973829
892362
573079
714093
29703
6927
481756
806251
385409
826695
446859
262046
169664
446106
47230
526852
19400
442840
474402
199825
190968
629854
145271
307167
991196
215825
15012
384003
411215
85512
40500
573115
215435
370374
215793
117443
486799
976228
972699
906630
44715
527246
120901
994034
146539
672356
779725
867428
859870
10944
518774
936835
140866
540119
279140
991400
145549
904504
888051
978107
925850
