407537
396392
538596
694780
782140
705143
922711
202916
826991
289463
184903
543734
917588
710457
530405
62029
663379
484573
473401
803154
81780
977467
729507
207043
127926
192194
473760
50124
367964
544852
803154
37254
39132
540956
444983
745740
3455
626617
243374
833798
851616
278131
262459
369574
814979
1800
283000
557583
77903
423589
336473
611664
643241
273840
30298
616269
719471
311490
642631
232702
255950
343794
699944
199441
873793
940684
656198
223275
990246
958753
616094
268300
655486
141176
349666
105553
279745
679778
957542
572690
506524
798315
577966
2411
929288
777645
836497
164760
570568
688574
479881
815290
360767
739401
442522
562422
940587
382010
6109
250429
68034
312723
467881
876838
728615
843612
473116
370679
98633
218167
713547
76674
201561
909841
863748
740652
712294
572085
18044
722121
154070
590138
796442
581027
543939
32861
884191
901466
629103
68521
900720
148901
379558
166354
859777
85110
596271
762146
596896
417724
115950
812171
889691
854274
382873
348123
204751
570869
755925
64141
401103
683778
567660
434747
468973
410142
234285
622129
777192
134431
190049
816030
706162
664263
853605
328676
445660
246946
713001
93262
339680
958085
363203
509473
598027
32310
860081
836619
961221
144682
434218
468664
15422
905449
572255
6020
718455
881806
495891
800587
620074
539498
715411
761243
657623
241993
549716
96587
14701
281676
