459014
335047
753123
355646
122970
589821
705754
303711
997819
485325
328778
240013
113323
214964
139124
210169
885156
630551
425435
377599
305465
226552
530684
333367
612506
399189
966236
539483
725430
346461
684409
656976
840187
121488
780898
434323
502905
278066
235491
693313
860644
347563
684440
301187
726136
679550
937186
859860
213815
322276
643960
458608
182094
348292
816981
616730
296278
861330
483087
807434
857974
208129
856200
637042
991781
160870
940733
767212
601741
516843
663740
780802
99723
469228
801842
308825
508691
203377
496866
193658
894897
882568
468018
182654
9834
609407
950880
17494
645249
174715
520081
854325
544725
614584
164618
809946
391079
607646
463608
76797
265978
330748
764649
889941
421971
111971
512029
375876
500384
140578
513911
371936
3829
711321
733070
613599
625
124988
805921
111454
59327
948838
46055
554510
88377
824407
720771
160572
71270
451020
711318
470139
516068
251002
876143
178351
39777
580454
194717
335673
704707
123812
138982
924474
326696
947498
341520
924294
766599
842959
540380
706535
559221
423206
802514
166347
380676
601009
917176
41291
941830
752004
793372
813656
142511
152952
43665
519428
925016
241736
756214
537706
884256
893451
474033
116412
80173
298830
455803
806567
326480
36621
715221
562405
563079
364238
591833
91743
779868
883611
632427
238780
310762
570074
124558
355594
852351
326218
998739
138824
962013
542364
663340
911757
439707
405868
822622
474969
736937
693658
921301
712375
794929
384393
732241
866379
753112
216308
877886
676861
910307
412008
93410
105218
415927
190434
246768
115972
642488
479685
459449
623406
512339
437944
480834
682453
16472
766426
83120
251462
763775
940771
340768
373608
424332
437080
785171
789198
290380
150634
375559
763100
864447
726828
784033
528402
936208
138991
493381
7866
723391
77244
716680
881002
649631
238638
13821
705015
351931
892521
608428
44086
145044
564219
960353
382000
264134
639629
647328
542369
54153
851973
436342
468525
908754
705340
11498
868128
799193
948887
630483
209824
636918
59332
993219
210994
486117
63379
855649
196709
628328
550382
45077
774238
655308
326007
690780
982273
303427
773116
4923
351866
942000
784921
455503
366757
624706
309227
617219
764192
935991
132972
111708
367722
989954
378864
252142
587320
136456
62843
89842
409620
484483
220029
155183
921714
433673
341995
358356
310929
100263
16634
110568
417034
998247
616250
42648
576185
455602
515086
312559
394309
110542
104068
891685
949645
865799
570133
647246
405168
740588
283834
397427
215481
951409
621416
715902
113446
921778
434731
738318
109907
25047
331291
498795
367624
733970
149564
246547
886876
851973
522296
577459
87300
918081
170353
434865
946556
302314
354118
906406
825616
738358
302436
318377
697223
242964
715910
819974
873005
939945
465034
203534
591548
859829
496817
21768
673318
177236
448691
608773
59458
110241
398333
732946
935248
890805
896776
119430
725994
996877
54743
906042
910986
425162
531277
467480
619890
659729
434344
253772
789052
290514
514974
188248
458302
11686
986642
914308
551385
631250
407987
624434
161695
457129
197682
125584
695518
452557
286878
32806
231565
561750
888029
760271
96530
537355
262857
740804
940974
158604
102436
309140
844550
950291
565946
299888
73743
794575
946514
211810
794132
809904
995024
31710
848103
376385
485482
969457
240802
817198
134405
515094
949912
489895
94891
937639
969182
118685
870635
705521
101999
453866
952526
123680
197632
626637
864625
147801
173857
547282
175108
164775
676237
419600
103709
737420
455246
435980
269370
234681
815375
252348
162641
577754
27264
703909
12246
957960
513440
154853
844297
333154
941290
587725
38328
36598
574174
680678
980248
467224
860458
434325
946556
38933
683765
831065
432624
858818
425609
619248
917813
742509
257626
901273
46104
201013
218871
815413
373297
214838
17164
234375
786549
399836
387985
777626
399545
407577
46611
701570
968004
862065
36765
213754
482127
461042
421187
132013
392027
885058
932682
91088
388527
757904
126903
773932
507373
957485
667891
902137
193296
731123
124375
912166
473029
811747
809946
183990
596770
451213
71636
513284
125639
842920
125102
458983
812880
986753
758313
237104
297716
118416
514503
820944
606909
435879
698522
492375
943460
449092
222823
93591
720968
72773
351733
517671
259275
81211
528440
791171
398153
83543
881429
414225
52406
256
357586
845630
775123
861319
638876
895111
397325
588018
842995
837076
441970
569077
961206
107198
512848
70207
231558
92658
40812
810095
333786
345581
936348
211623
19423
372391
548930
718713
519305
169484
170405
956479
734459
474149
716973
2375
776207
335126
150779
341418
985410
206784
963107
287230
966335
635654
333831
714913
455750
54829
871889
522934
630009
578525
227852
667628
412419
116932
980128
110457
777958
915802
515560
551271
490015
126655
50289
561093
847031
162816
55762
659646
317929
196984
359779
639622
48811
285267
110811
228720
330971
403374
272202
320540
31687
690458
506671
401294
61529
628736
165559
725467
912925
721054
154515
675005
389681
141295
481012
319877
670472
444777
47462
101039
349594
226144
913094
933201
563244
784648
355553
157230
928951
453079
252139
36199
692216
196489
87705
832721
348627
718077
983387
965346
127845
572797
707641
851780
469285
704475
921353
635724
303413
206454
410635
599364
361931
800348
408289
600868
942710
497930
101806
49952
134800
2638
679049
387483
626431
654477
518302
952057
173159
113697
693281
567634
769520
21338
14320
84994
540079
727910
825669
638365
186483
856523
462164
776256
860782
953296
337479
760002
207423
