867138
9991
39421
562651
940513
26269
437989
26743
430547
365566
826850
457464
339007
861635
449139
555170
165304
793305
887754
628245
728984
408000
88962
603546
934917
736095
288368
298064
727317
168961
788689
273197
860110
337776
414819
180083
237574
661228
371217
830130
876009
724744
895878
592883
894809
286050
464227
75016
911984
763069
324107
525422
172577
729597
564123
96092
936444
644926
389303
72811
131856
352977
263744
710625
747370
758035
303649
301083
604156
708460
112713
444055
912921
1441
471155
265819
928605
285591
680224
759878
