406615
433889
161208
820587
328620
38745
464331
705163
318805
984896
904593
999712
693458
117413
863264
166565
317325
173744
240322
659187
682808
34134
116844
456267
894674
482104
481865
319362
675337
84313
81327
179145
569402
346170
858227
293336
280468
796564
706456
531895
344794
216369
105826
695849
84231
898792
512457
653941
713547
666163
947209
464530
287668
970030
37590
731822
782504
180399
113133
213531
421902
754684
612166
866263
788493
262381
274086
292278
449772
901791
548816
731310
538265
972626
222363
957951
669445
676640
154847
853501
648812
717147
580041
946555
953458
746561
349262
934934
293417
417758
624828
322715
92144
539327
76908
181974
821365
270926
43156
276792
15642
79887
874617
759139
917301
130102
281281
930966
732978
408994
742246
444720
948116
225530
593351
253090
863768
190115
47897
520246
115386
558235
422394
433334
498449
645301
394726
935418
769749
785137
3650
724242
178049
559095
275926
935884
925459
58224
194136
53538
513201
163394
472867
272387
835174
209318
774599
933436
401929
239719
385274
642051
257278
654392
769515
826848
316630
486898
809591
930745
214930
62762
150517
129272
740101
330668
962860
541018
810519
809366
798948
366423
163173
413522
872409
296618
629062
275825
353292
716412
821737
827873
365045
895153
497562
127499
687699
811854
192227
404107
4963
877892
492943
673229
917999
90718
564298
507456
118589
665220
