910958
592294
623575
794258
732599
315992
611976
942104
698223
284832
124638
964283
389713
863476
463468
383393
62270
258501
626345
440357
4030
642906
152641
336447
350308
44360
434821
400530
592720
346576
630401
274706
550223
839829
492142
339216
710749
361976
913598
436004
436746
304786
177557
77366
306169
311117
451288
62633
691845
326943
319709
695844
472703
167717
227842
22013
49491
816728
944217
121540
391369
441582
245633
428394
308135
367183
608208
711053
980083
954034
412588
261345
147285
164564
848761
105724
410715
816469
743724
905149
829719
202991
751807
619738
774371
674323
935101
203782
818437
306018
690813
764155
972013
749956
993451
861673
645339
305513
159233
818683
79581
69978
768662
358018
334198
691515
710797
717056
395803
960159
438574
131603
366167
623176
114065
338045
989198
504698
540726
19660
140830
217018
364466
380522
963041
805672
526084
164611
876943
7030
343558
232526
617345
783940
357567
528763
540816
272666
415061
298808
787100
91073
358624
185119
556072
670718
186329
888191
457763
382764
616561
152517
371394
366389
290238
359686
374664
728684
105872
329580
244775
308810
3106
562748
359424
415812
661164
552064
819847
130437
358293
165973
595906
629901
818246
316819
187376
669414
207962
798996
12998
63550
553585
656419
294740
226150
67364
249347
353991
404262
196755
168025
199239
815802
880921
934583
196929
46702
307297
899013
881535
631313
991122
494222
30578
366937
638758
272740
575314
131155
55384
573233
863196
473988
79868
774108
880058
436449
950120
493972
190145
690984
822608
124668
541396
624730
539696
786227
125669
109525
632098
697855
341276
408913
543183
138389
845264
659447
121666
700039
477106
269977
271640
945418
293065
963282
753620
905763
358999
872827
418063
92718
540187
784775
558156
322187
62064
387324
388778
600294
620435
509135
375730
80480
128641
872858
939344
758047
263999
237756
590815
785391
283379
537037
108061
395027
826544
888316
395198
281580
499407
682760
357340
369925
421432
546199
57803
101433
557504
879862
855819
990529
825581
301230
384215
162142
544916
48383
714266
926559
156579
747388
343361
998224
933819
722114
614187
434943
396981
628758
494205
138476
784006
229531
562195
50956
940925
598252
380561
112250
891177
10140
634199
369275
852823
286343
91859
821356
900280
383509
954544
900042
495458
998027
784108
164254
854829
76045
641671
769795
593534
420852
137303
633301
621408
685256
782136
450616
209549
772954
434657
514306
432077
167233
42387
290310
829942
195311
878954
760190
413969
174383
402710
918868
358749
915837
550435
578445
72365
130497
929139
131411
13036
719018
231246
874653
109249
465827
507536
65021
476941
393845
22017
728517
990097
74105
171650
888791
925869
469688
210082
266632
628675
252513
39760
201777
632506
718950
526251
415570
183263
826099
166454
467810
8229
310731
508263
494967
247885
765953
529822
145230
98209
907281
551475
749432
160666
15705
851368
160098
871969
855671
164029
839103
440755
577600
698723
407124
128285
796313
108168
827359
214311
403318
9105
940133
672269
893805
597734
21079
189864
968822
11174
772448
656044
767873
31740
589966
199114
602612
566217
688602
747126
272832
777025
349525
971715
641311
902034
852145
563497
777004
877054
690090
692649
732510
104714
142287
637831
570466
945614
170609
619830
672213
361517
882279
300178
352603
987807
90874
173511
779359
256362
666292
840783
980007
744880
781120
375640
809362
501025
199358
375299
368305
194768
6054
218377
792256
716835
644886
210616
771136
414629
463161
392219
105586
304886
790550
856696
383793
206178
156914
876147
433708
873294
557539
877904
434240
487502
857587
808022
958190
702740
319213
946319
253438
115076
700743
634027
554159
197347
827307
702980
898777
503277
306404
430204
614561
105925
635490
703746
93337
632455
161513
235508
832370
465849
406556
543902
577694
506913
312418
690273
49926
284400
750707
598511
437925
23516
812289
212595
114048
23435
935941
683725
599170
507243
913316
529595
52727
887646
870526
769939
863077
319763
745428
748525
43203
505520
758291
182173
588695
623979
49601
874013
1967
711544
658371
998858
557499
42397
658376
605957
131525
912097
594070
944378
719055
619746
79855
646013
240840
338246
222495
397264
861162
78602
431077
282497
700211
709238
901884
660784
904125
25009
813637
682799
462140
90993
583442
980354
118292
262858
944465
66565
97685
237608
890771
701741
922900
490648
342840
315942
366055
927424
471545
293980
63356
373743
565458
282838
369494
585103
47690
797308
411622
187063
496224
402681
911170
765853
560596
578619
698564
193001
849487
593047
943874
173668
372399
811274
317669
822607
645427
946587
932200
348240
507136
933788
975983
177287
13326
612111
61761
475584
892274
730788
462180
645825
272392
552096
252500
6978
61564
32858
631775
65788
471093
832736
798752
171226
358367
504182
448790
327884
604820
690558
551968
246459
42215
848755
260183
715927
760716
180431
509320
970827
149671
41165
699724
995026
405999
665993
16838
666595
886079
649603
651193
330312
313785
809986
249923
481101
897879
135317
206010
754899
549200
385588
970018
430148
538083
81094
737672
108960
785090
10940
73277
590518
437918
495706
96626
990063
884683
310230
766637
993797
650769
918233
950438
551889
136590
542242
237504
724865
181771
69258
67751
824488
26073
850146
346242
562991
434599
946936
617941
449577
770404
456377
768055
901253
615499
608304
838890
621532
273232
741036
533532
928554
36069
169152
303673
430106
294569
383780
870507
379706
144366
995449
418863
137806
498085
956650
671829
174336
492968
377198
172372
260533
539748
