972408
752908
759579
567775
99946
885349
948008
111486
4610
599282
505715
870039
326802
598364
462759
877015
811689
580646
494677
911534
938610
745446
843885
341592
710586
884704
344458
239303
436431
251584
79588
839535
193411
589300
287849
464877
693328
8420
168293
774997
502165
641551
760669
924567
829055
724419
473852
805964
722243
132344
876069
600739
933383
586250
691815
630115
630432
959890
22286
865884
796470
310816
941206
218350
392324
312150
230011
486197
362812
788644
220204
825424
974152
958299
905181
36748
99690
529904
562044
81650
