449299
779979
448963
767786
58530
190530
163899
191729
683291
420964
564446
1282
988583
279039
592728
512246
411134
433932
429900
303164
101637
604901
456073
80538
483218
603107
413019
153634
655307
189784
968318
298868
138540
307238
510638
343530
783462
757818
810393
987620
818917
136873
928694
835247
136874
245605
992367
320148
67736
719643
320122
503355
869450
532973
244614
63931
646177
941319
96208
53119
295003
938080
112980
929750
836638
34895
980001
782486
750037
59911
831173
577646
253297
525553
871848
757639
865105
720164
929781
57623
687420
516356
832051
842946
701707
440564
154354
393388
635492
756601
784736
702687
139553
44204
322363
887830
939918
10971
957537
586212
720529
487486
390275
966404
12453
580753
238200
385598
723007
728275
414829
311346
734737
829721
493307
711108
373996
224911
937937
133348
345408
734348
951504
473464
182591
488017
543862
645481
501344
404447
515313
221575
314944
402930
112981
55386
136866
455901
780777
411398
312407
472899
13916
956697
706297
419695
432405
215093
939537
870545
90536
689941
856472
559126
715684
139005
158747
385890
555721
998274
823991
472749
468311
917555
895044
87159
605377
404963
76495
744489
581569
189012
398143
865418
751877
998018
565272
807322
40391
37193
726622
817935
17466
17395
860049
290281
854624
836130
727511
901364
989432
729175
982712
719706
878165
341404
627011
609250
476554
415316
514829
931977
90562
926365
763865
124027
723052
5087
171219
728430
621331
558324
836535
609500
568459
467124
899151
747291
338183
633179
821977
708570
219656
994585
983110
338618
933040
895991
399135
942470
885813
570017
945603
957265
525424
192404
874699
763115
793621
404005
832590
743359
937022
473707
47296
38476
229472
733898
552949
810174
963806
87773
158980
750248
27004
148287
44934
264033
429100
249334
147070
388664
945348
778429
482322
494741
824593
800941
219384
199085
594885
364295
141996
809953
642443
478944
315997
705972
40891
59177
986664
376807
546729
183066
848699
835955
161048
483451
39132
992291
693516
452623
903298
896203
393213
166301
583969
280488
895592
492956
73731
714454
607807
56762
385106
208808
131776
964553
490738
48167
75171
498823
575947
300714
825388
31496
616612
665679
610785
52802
402155
108883
207190
872181
639697
39123
409188
416117
431762
708128
63928
224597
263698
38393
989447
474866
493923
751911
340575
460761
653859
673594
477337
964310
249474
273179
274795
793498
739362
177294
226266
766600
785687
970119
119948
775324
161358
857125
315387
784568
254793
919759
300870
57421
545992
318250
556065
594146
861124
729076
827693
410884
903700
301376
712099
328330
422387
333006
151465
298308
142041
770374
629447
372544
765381
189713
785587
566648
15516
585685
387080
891803
274027
715595
553685
621622
857481
158462
959058
709631
247832
432097
395118
211326
506026
427790
955588
205785
713343
869655
577131
625018
915052
402891
25260
680799
154200
763335
901967
292669
484449
534453
64590
834962
144220
925990
403819
926790
214841
534088
148381
529533
585156
736836
20261
194620
549383
175542
497472
962677
219725
574154
755893
607728
286721
531568
687438
350808
923829
867259
187299
247840
756992
855771
693649
589840
14207
602165
827530
484016
548411
869852
734471
963279
287403
779375
777112
297328
100944
224207
869467
334994
92798
46906
713803
948123
499131
474185
893616
727008
214336
491202
948916
397971
987804
657691
314006
187786
437944
251084
317175
357288
539125
477455
415634
665834
622578
239159
520777
121936
121001
537834
533274
210085
89273
771517
655536
350253
943486
517418
986134
883499
17308
679856
900806
839628
633371
810888
845664
180723
714604
241855
39542
140706
585866
962165
787588
210946
914684
585392
691709
749007
623223
271838
778560
83426
520928
745509
974314
517468
296814
61097
980229
652204
398190
477785
775517
109630
224800
616438
905139
881409
719679
321698
936587
185106
546974
249312
22240
184202
385070
642990
752504
8737
528156
182716
114962
128829
180631
542472
780795
786011
532655
442583
297919
827289
326681
679249
668477
595933
286543
814650
986644
408166
877716
885193
797817
397677
841109
998311
575787
225143
309227
958277
326141
404666
82621
962330
841426
107561
51971
449336
503464
235230
318629
797578
402122
418467
209858
666924
758441
635101
790028
807591
207877
504854
691472
287688
758726
676518
191443
538459
766055
636348
394392
549641
450450
464078
233983
591371
887558
145627
191495
584138
720564
303641
222580
150101
654570
564225
353484
539198
662246
841971
236859
804433
67917
681670
151062
813874
352628
532656
696508
774034
895514
876175
858137
908878
17657
322322
439492
839396
439857
415367
165640
572562
867301
332545
436416
989837
623009
977573
773211
424475
747448
158609
727872
82381
187949
98474
928459
854045
923143
732545
158836
94816
80008
971298
695057
420199
813814
733816
881458
627448
101592
914144
791082
237668
789053
779016
792173
529605
546805
19012
835861
502294
46563
4653
210815
301231
515050
252598
870226
153755
106437
677069
191199
354007
819379
172649
840676
611690
776015
833334
248299
373724
804862
369371
495184
750292
104449
774692
263071
581010
251818
916497
766940
244165
580139
728698
746588
868105
574217
925533
308304
787521
190448
899142
547938
139022
208417
687769
876279
595497
914886
676799
790613
103715
609127
273323
299998
923446
963508
255816
142331
593862
289090
514497
53652
812154
895891
128364
855995
290418
699790
515860
87272
205924
27533
101601
201183
273174
856981
271014
565550
634810
709601
695879
41234
772321
448151
240517
73530
934685
615644
635304
968611
633912
842947
137352
