228580
665416
27639
838489
67713
76460
691117
698147
707941
189790
358118
297333
36072
930253
780097
934552
121256
15069
147823
554514
497197
43619
74407
259572
977005
994108
899965
328064
877739
471755
587085
11444
884025
433677
301201
416951
374687
525274
167251
415711
733908
541754
22524
395229
990441
552929
659530
943110
318021
38025
149088
92990
17035
892906
884279
926851
775384
495961
281330
442260
740008
504506
264720
411388
656536
835235
999099
424446
387270
452367
528445
386718
870804
986108
902866
691402
204300
231074
584792
849700
