683505
596328
684010
706048
519407
728782
997525
300942
239100
200368
544789
734273
176124
460466
546247
875014
920635
366350
243257
209324
963665
784016
576610
144103
233825
707562
230450
385857
971387
471092
710020
572958
610081
944644
647793
799146
184679
38951
25086
382177
204659
326265
836213
590138
976292
606374
587345
713649
88592
547645
970450
694000
620389
660078
918641
590489
859633
428448
175790
138418
276988
686897
523013
160238
208531
707979
543422
233364
82208
710879
356004
217358
693300
185345
478733
758224
317607
195872
665816
508771
823447
650016
995382
134477
230156
757334
367774
245663
9980
744927
640356
661339
855466
317086
676580
452159
105640
923280
974872
473714
852798
726605
671626
54666
404643
674461
819107
965048
617384
614068
127457
868625
171700
327948
96615
91641
773034
919773
972270
946222
423591
43196
444697
947247
240679
690253
135143
570375
486791
208038
609474
631993
457253
564866
78644
637705
147619
620063
381881
987685
135691
328245
27119
381423
716428
699027
999146
688168
407075
298135
392996
633274
187413
342857
153105
159457
497112
869652
809041
542264
336466
583779
413311
721884
571257
87188
459110
459135
582617
981276
288532
90635
104436
166647
588678
564720
281027
52681
216962
609676
147867
405654
840388
56502
254379
408475
317648
227111
266146
935559
786470
178374
7981
861785
954644
99791
821534
136791
397093
739615
564776
759784
310903
243934
322502
585487
742506
750089
512956
893956
801845
97115
547702
953777
73426
237975
440140
20614
292826
412597
607143
930553
611947
625254
805757
456797
746117
735110
474296
75806
620020
939294
549749
743895
915240
962450
416615
698704
64032
997741
671068
933335
198085
704903
279704
915321
104339
175889
477085
919261
846322
534589
917324
20222
804067
982668
511269
828355
818517
149877
350507
715197
631128
863791
313187
246844
260649
442780
150010
583374
273451
175378
423750
411606
487095
632070
950501
269508
677898
144535
351106
30646
693213
712436
130102
284075
838034
792428
659914
866464
169802
671505
807899
568521
209427
917191
922006
293741
868031
223214
233315
380574
750992
903465
105375
468884
25359
590219
654337
654310
358331
946782
408222
177124
989791
700751
123015
238227
981949
395385
957776
290438
576486
387596
531564
949333
133483
949530
248308
737341
661677
239422
830406
835412
482513
148393
147082
168806
282960
22474
304784
988081
743659
664665
645845
586810
652731
778049
756965
21003
499750
709096
932954
155593
763950
962908
744130
490549
903523
604123
604255
887871
714041
886847
599175
854530
53364
812868
416812
181345
297472
728439
322358
645692
549277
748030
708492
526542
88823
709246
223154
179494
191571
520812
661388
824063
808294
92980
191809
23806
491136
971967
501371
620745
846821
962469
747402
699007
654332
876079
766376
604439
975585
225671
838103
87576
171797
346558
231655
676082
978965
294906
439572
798904
398856
4923
759948
396283
995217
303560
746253
717252
250821
549754
498093
318445
869814
64228
205299
743772
972334
596509
938723
960605
559160
811501
482008
945179
122135
299984
792009
396731
662042
961641
336941
134742
248775
853830
454011
802832
8564
386700
135115
769561
728310
635775
204440
904768
323248
484272
493031
127151
322125
682756
649536
299655
710088
517980
171035
239193
938856
822630
689431
159421
318346
906560
645155
489683
912470
182340
945023
807892
379668
764404
739357
780628
696151
29443
276833
778646
276119
429054
861512
679499
917469
559701
225252
992745
21207
61514
834821
341605
519819
140469
851700
96140
138408
864625
85529
854915
167992
914663
238076
58585
364466
488949
264552
129414
184173
554234
668140
742211
46254
864064
422523
258309
30498
635399
121075
116183
80615
5738
755450
168659
966788
495473
87365
612732
291386
913714
579890
83579
264498
977636
400277
693109
146837
490881
668240
610245
540987
466007
351516
279387
590843
620012
937636
617136
839585
663308
257040
493861
249469
951793
361247
215735
168472
167885
10349
510561
460610
320822
283732
312335
320071
107374
762799
929338
306176
659918
641146
10852
555781
201103
266773
959538
851392
25525
498343
975329
969180
72537
586911
492966
287517
39953
536534
725031
92746
611070
181905
300367
531525
40433
767010
594898
988091
847674
971949
212221
774710
108111
893512
530616
741967
493462
322300
191644
605633
513871
610281
990763
881690
877089
485125
282096
44938
282431
483525
113396
202846
793591
22420
57690
526662
639575
404544
652888
977362
129148
983924
276242
444604
233208
799072
9748
517598
282463
423285
423660
470084
592687
456076
818914
928604
69465
464678
358998
485578
920112
34766
598388
648152
784685
973275
823317
45835
940445
495826
322293
520656
621863
72104
930189
330197
62398
40356
162189
96693
87903
784419
404984
213323
885831
594997
836571
220968
691381
164005
736939
841887
545047
66774
797050
95293
128724
297737
643414
535126
671477
496315
182654
147962
636017
98155
691586
380039
749075
997178
488630
375448
44874
687146
279634
834395
858381
939337
222953
159105
225320
599399
204484
68558
599720
847874
646811
686672
299551
713667
187375
544748
156117
592609
398215
408147
796107
312036
463557
778644
931757
652804
709603
849484
987539
972336
226191
533688
908084
618538
270881
363435
179560
719119
727541
427867
321943
872756
11690
802837
558275
730669
907254
750289
559088
872743
643683
378976
812204
62965
806633
963457
795070
825064
525865
656788
290927
493846
542916
220006
394671
21949
137110
133739
739302
870210
637394
373705
582873
409234
708731
886864
341876
688233
807613
60936
850234
676849
340070
125540
861190
