56067
683251
773380
58023
366632
413078
342431
704207
5798
703864
510308
2739
81947
631544
73409
830712
691705
157211
98103
940647
884172
645296
92268
949401
508571
671365
751904
366719
483688
671295
875768
840971
686099
314586
676534
4031
531291
468414
867018
15312
321155
588986
639425
63862
167699
291999
892060
970003
241525
132667
933884
718589
479808
31217
11192
148906
408083
429362
906513
977271
723607
843354
70589
329621
766886
830441
52447
209745
681354
642332
686616
155006
535069
897575
271351
600704
983952
942034
389260
748280
552136
430445
441050
662023
231907
340849
211754
782593
418713
434037
11068
353648
472381
355146
669273
339522
857121
972659
328900
811728
872025
471236
724047
531403
581913
530262
789449
869765
487544
769572
789525
728793
731541
460293
668502
164409
422296
45510
953158
25362
994258
222243
5222
660894
763390
629474
655887
491397
146153
651789
50344
261873
203117
644682
483441
944557
636825
53016
184635
684408
517421
938536
863034
290668
689984
291798
13683
245958
882052
410050
420879
691537
492322
85135
139986
49140
765631
147256
242917
134868
122784
219018
256463
524007
513898
330754
388418
976407
5378
349315
290450
325710
777683
567475
77504
859812
99438
816308
681205
564707
631499
799866
899210
16307
830573
470030
314372
372903
678372
143582
362653
284962
875372
368318
423613
913191
279795
60223
995528
112061
563640
759658
467408
18555
268623
91418
93483
826421
888001
213747
477152
457539
436368
515715
75515
523051
982551
551219
961152
601258
905104
747241
699964
83428
248688
672254
31095
646565
420077
623895
988293
628563
908703
64738
929404
551283
417028
232431
508415
112916
494686
669288
131833
14619
80439
767343
577766
881900
316485
704658
798411
856946
255528
861485
968646
330444
50319
878813
723008
553237
634427
463324
595582
764045
994204
276094
552087
976937
719895
608135
329664
461171
430185
591143
736195
765535
939877
854803
290958
246636
28377
439040
97512
375283
786575
4606
180094
122896
15727
874608
225756
946666
166850
107428
823287
556256
156177
852179
257894
425361
636459
243254
310769
984648
728838
751170
961410
751683
888509
423170
775993
804830
548920
426960
267803
961185
377130
277296
286378
563043
470003
729225
115855
139736
287781
200577
463156
92286
9443
721908
13870
931489
346469
104656
533016
825350
124825
188240
555643
759418
988452
408594
532841
257271
11974
959767
474089
882351
7196
2391
299276
377528
231934
53119
572318
56917
981512
831304
13048
362269
668919
282677
340723
21643
436649
474025
686711
493921
635910
968994
525873
102969
929918
606806
849826
804969
598760
855336
152596
809618
319818
746119
169257
417477
633014
469348
397580
234387
319121
714125
472456
458864
37679
591403
885623
283331
387994
925780
859410
961741
485874
678670
629608
339187
805422
932961
46250
287465
139840
920344
461603
579005
920151
658900
205828
872702
844158
169932
473949
171975
389538
24804
369576
446123
740080
111785
88000
562238
958557
593575
278575
952510
754623
351079
100708
532061
247640
787593
719363
475884
462004
414522
212311
680805
310120
197649
388643
883349
735610
880395
554006
622116
79647
637793
245404
123203
703391
170948
843665
724464
334357
107445
110224
855017
981458
416066
521578
776107
156386
564832
451877
25638
905890
636278
955902
691040
585876
441992
414720
724430
261750
421114
328735
347117
984408
820328
424746
351774
874191
843694
595021
757542
754129
408250
417152
463312
831410
191101
844368
985453
332156
538940
141320
692540
258788
731203
953724
918180
237039
512632
947761
442589
622561
514701
121388
276847
313181
264911
585302
481491
827230
297180
461576
922678
340752
890801
544761
538843
683148
926369
807873
585887
103343
704930
32009
45848
431126
828802
628242
676119
366647
578295
596254
523469
781023
213075
975678
760970
701764
506006
136633
715744
800198
426846
656342
333926
248967
383673
365383
985753
839523
876507
361458
27356
897422
16107
366237
95136
502537
871863
179252
969566
83969
426824
843450
143553
655364
842641
396234
864354
693024
120705
87305
706155
650074
315832
219563
332252
257864
254293
462238
469356
204172
384750
408470
106759
227309
561049
197238
631734
413651
913383
166296
704157
705183
849649
352569
231581
840741
148426
380420
362714
977031
912788
386105
332119
701231
978286
771962
214332
491944
414603
791346
653434
408473
797214
515362
638725
472544
339889
789706
1920
968967
128661
316912
197175
448038
922228
782288
949253
176085
941954
57440
417174
566411
946194
149502
97735
482520
911941
305272
988778
654203
249117
252536
231525
233953
287215
527050
694969
165371
261239
498635
432225
67194
245702
509425
196497
962410
596950
806897
224925
650280
988414
489937
970491
403137
810048
107530
271905
726249
227328
279833
707720
416981
177296
107106
718611
924789
724390
699329
396616
128209
110767
926831
354364
227903
455868
613582
345806
693311
154074
494290
206025
298291
325889
183691
763373
203965
824354
879122
964360
370871
808035
156624
435709
32522
206503
369510
614182
164971
395846
246780
753494
106232
494876
946282
765943
698475
710141
956668
190738
47096
161350
503077
633646
502025
405647
145348
72463
573780
542652
400459
526623
341909
596659
138258
244907
166701
21160
78391
391108
527319
419283
636655
572742
153219
206979
259822
623477
537233
946572
483951
598594
939179
291676
637536
266670
183039
631788
229997
68422
873944
97234
215464
954316
754840
395442
893458
978422
468820
546133
123401
274127
38092
8146
716493
832636
577925
568872
146800
140378
244165
801454
289882
718978
661290
518625
541814
580910
