56963
920705
425738
542828
732842
737979
750500
285132
111491
338333
928842
160202
400075
116141
39445
1937
479054
722612
502251
573511
190630
662106
288462
565434
188449
260573
643726
88296
86529
597166
201119
901035
452764
62568
643397
346687
111908
746669
878251
943153
207361
860831
39828
877671
788570
311416
271656
304454
339123
906247
1520
543939
20145
46664
863005
337610
839288
290974
746755
292804
562549
282159
503651
156873
26680
41500
893733
742562
598904
188315
701732
70713
431483
872564
517476
540575
458061
156244
513887
222522
156589
469009
6844
311369
555400
605243
538401
48918
805597
385819
41183
862839
35903
180683
275148
465280
612729
263986
678447
168904
448843
545434
60435
566998
85587
404399
852798
829737
915399
392726
614524
78689
696863
215975
411284
12749
216015
335945
7644
689170
789426
742121
408424
766900
453570
785750
799582
109380
658436
646780
707429
205223
382913
237372
715068
386814
9134
268772
339303
71543
915053
378512
311875
801520
969772
102556
153915
640195
51180
156420
54227
326386
204124
190363
440674
487408
173283
731493
680029
413002
627261
94609
366157
289200
128381
734486
342114
744932
788656
505384
953698
842302
945570
56471
50170
725657
323706
195973
619253
395294
698048
469570
945610
139819
198463
859782
85839
510943
697222
786634
754956
3652
867080
671747
711531
16282
34723
40059
565451
540604
