387355
839344
489410
968243
601177
426386
180739
791649
261316
836363
929336
968483
876760
782814
711362
15476
139479
112644
318744
493072
723630
448228
318197
218106
769078
221618
205359
343402
907670
879265
240552
163282
96005
349958
328221
300620
445165
797451
652316
908130
435115
633036
6610
932793
633075
72017
104450
225498
837201
306856
968850
663006
526410
366815
858368
474614
799521
214299
623985
316117
254773
941976
415018
311482
303175
324734
163608
79837
985050
57244
168201
841653
129971
787139
988669
117604
222464
399618
311383
298176
