182690
833121
782887
419209
576763
821301
962011
867425
612862
406903
453412
135266
424438
829723
954511
801593
277092
737247
326427
594517
510723
226278
587661
336404
163815
348340
9825
147661
73919
671557
584986
101241
862009
706634
238010
71934
959428
430529
463822
750809
554289
223727
614113
914024
737523
427581
412689
794002
811653
137645
943870
369492
852011
795575
94302
766440
677328
503876
147309
606675
913550
785030
369410
885452
330573
263154
144189
16132
893186
144027
859677
526039
280665
526252
762158
447117
486702
737410
900319
641868
556468
746020
507697
543326
267064
23328
286540
481819
1664
127043
34540
857651
455181
744884
591288
215706
940352
85293
709043
3088
870553
819543
307339
459916
212762
70402
295695
93060
494666
8382
253502
689116
917013
307480
59002
648616
719313
399156
338332
603872
985563
139588
59681
133151
143200
170530
466689
153688
929528
599312
626464
487830
411820
292489
547038
632877
214936
639427
684233
756418
156971
45636
2290
250100
95308
932638
327709
153254
741975
551113
715026
630187
953093
204059
790480
415564
13802
244326
451489
266040
475863
759598
525641
213321
61855
838469
194776
55599
416695
303109
870559
348027
503287
553258
57727
892490
372029
603210
938076
568204
801713
78833
755441
168176
615394
572637
866750
414894
311567
899347
820444
354672
799618
265244
786736
19102
719575
841759
107134
65988
