904880
831057
193606
993238
655675
693152
487565
320214
680019
538821
704670
570576
240637
329760
742219
664576
8745
665627
500291
429909
467862
69413
774911
16313
856405
28295
54741
766335
753445
773540
420586
858601
632253
200465
667589
31506
819625
882639
150846
279806
365004
278625
933461
450940
520132
760142
329887
116086
271786
831605
284442
426069
508728
479560
585698
491027
930566
217127
904189
129758
428397
324057
205712
542182
398924
912489
224181
102020
510889
472347
300196
303238
287279
774153
101965
939419
465301
417311
488520
766104
76320
431535
440484
474340
339519
473458
994524
803718
273044
128796
304040
558153
764818
530779
514543
997130
561153
890027
391129
192926
314654
183192
86851
969698
660064
669010
572492
814112
191510
308390
89484
893658
964204
467935
512549
758775
735949
686072
726001
864327
323362
545532
804187
78005
544760
383868
448905
867784
328639
468909
39159
711637
407278
519580
188063
503237
350532
700686
728148
972159
488554
49976
781359
416882
356597
619159
358112
294720
387399
531437
679782
807626
370773
764314
812953
838612
640643
306579
641764
624469
758698
626241
484305
954718
116412
347128
834941
447076
611839
629074
431466
756524
740213
129896
689267
163666
392605
412396
947866
102581
795921
74854
668413
304706
24912
427849
454632
875100
455254
22129
720772
654629
809448
948284
93740
391724
77996
589442
630368
985779
