103685
158047
232077
595011
247768
848633
29072
289258
693768
899855
918843
455212
757281
969993
452295
782347
612684
61678
619684
182786
682124
39166
994314
452079
515301
675822
120174
544539
171607
279680
350097
341672
79176
36095
146034
89622
745983
738004
682084
645233
991564
213832
278138
591067
48710
237847
654494
234353
738604
625773
30337
424925
703597
849344
23916
588920
89348
645065
450998
586009
61114
846240
932686
641343
750863
507763
709624
403671
912691
647906
451669
694570
221999
183547
611290
451301
844769
161357
873955
418694
201380
738539
187872
847585
525134
132543
722221
863564
271507
863367
443072
55405
850822
861553
343484
746846
202304
972303
144674
982650
957785
631671
389223
556423
576019
637114
761696
182208
107031
454463
764185
831485
296919
580859
390854
738881
590546
267983
341457
201568
201270
688189
324242
123659
225311
745928
426845
542650
895422
933928
103540
982068
150357
368295
123485
73022
914206
131547
55183
248414
589259
415360
970886
534538
785129
486065
653558
723378
816478
4291
225756
160551
370065
606143
99119
409894
865384
511481
214389
180165
439788
990993
101363
347513
345738
269830
161405
903426
287475
191794
826731
418675
23138
716838
95468
572450
429245
551458
79732
294312
478549
895345
258769
438677
479112
633951
136923
700787
501510
806040
867466
158261
657584
443359
266786
394557
698908
873895
950665
173063
