455816
16902
421819
964906
520091
376922
441366
686008
909831
759738
764007
962009
256332
135359
115408
415547
22430
599178
194019
375506
79213
406370
950714
213505
476991
965423
108899
472418
293880
117394
487095
808946
330619
626719
708748
191580
942507
749176
495680
657056
592907
896775
472758
390368
408003
688599
65053
37127
999684
997072
143532
514390
199810
422669
966506
612301
103648
545692
962473
973554
842090
417617
790355
672640
231995
446279
501660
649839
906687
55540
395671
100828
98835
992296
446885
941014
718985
727842
662407
398149
339207
287311
343381
749622
255183
736416
639496
181766
592217
431750
935217
570539
606172
214285
101580
490010
813868
941010
596975
215000
889085
754211
438045
528609
493381
167345
102328
963310
689344
599540
829778
992295
786445
313628
412324
761061
639989
849711
124887
215970
531596
703108
580864
681728
625841
387226
688553
35891
88112
997525
177930
622795
707462
534167
136087
773345
885700
286007
387443
771870
373196
396897
77698
595555
435704
25546
307740
895512
693851
934285
560733
969108
406495
60263
746649
438502
158925
686284
332333
430462
217388
289892
438512
396283
964544
10277
75145
385298
345651
769038
101658
903896
857554
244541
659482
537260
137262
476461
156993
682627
322531
250064
499612
635409
219381
744325
251712
296657
2966
246326
759387
243249
455620
21393
672166
807901
667727
526241
905014
987943
