977369
934497
205454
107347
306622
694172
767598
519900
214549
957552
170477
233136
820446
865761
940818
202866
42017
76814
706284
670492
118251
611659
946588
397861
905974
687005
900426
311116
383270
657233
983096
29572
301168
857785
979827
517052
935125
349892
68133
732042
687564
909753
420424
980531
377854
148368
708789
451097
931819
461805
114843
166658
692970
279674
352267
535809
840397
29791
937775
996099
457763
48673
87899
712056
502358
245076
635835
685659
823413
95934
72620
555232
153037
742090
576936
937786
715632
437030
739929
169222
