992146
429147
223730
88274
399000
281597
821978
391578
209730
887315
402161
688615
929549
511079
14474
643344
829518
733268
126393
162986
770894
831231
6150
240011
977487
381939
335293
493690
384813
580125
35491
756724
412448
608480
722883
316701
654558
97942
962022
376706
901149
281701
596704
614343
738294
68793
396999
169202
438757
947363
360063
745554
625581
310286
363825
982861
957785
66265
140442
128773
958748
172054
648575
375847
161114
582623
344575
899024
615296
348880
894529
109787
894349
761636
614731
714699
919348
465967
918644
37138
