331973
798865
543481
172124
292041
132937
116341
999012
322964
786005
198792
266452
166172
102630
847443
441205
363695
57738
52205
898699
180283
569290
434999
758459
156137
320995
190477
277079
525091
141727
101144
197704
472886
629006
506304
641431
111571
47398
895743
396120
464048
484213
919441
30387
424844
712446
643911
211792
211599
320376
594171
190110
640207
831327
208734
412353
97327
396916
607405
399766
997666
304088
135170
548771
552205
537281
949191
713056
746635
288982
874565
410908
731594
94765
303067
342286
61010
281694
527113
181945
491174
722308
306476
720762
606595
522832
266884
367217
843781
824649
389297
392906
778345
290084
726269
672999
325229
238523
798674
547052
800852
568301
708876
773862
807942
691539
216297
358744
23891
195802
577053
732708
613720
51970
10947
30419
873466
538354
544941
888961
265488
900469
282908
178408
507293
861141
956939
973767
933946
275986
64102
864878
82898
29055
530776
641961
384391
22906
369282
684167
192691
275014
36231
195077
479433
158087
669572
659292
93849
873753
30301
295204
936818
372557
137779
744867
973537
920064
168497
381943
29592
895642
748806
138331
614187
269792
339181
92185
388019
472375
288615
883661
912149
995446
173770
503313
592029
766438
237171
723722
630212
558169
496024
765390
896720
14500
71096
975793
1882
567418
287795
868843
961963
760678
243254
729255
306560
716196
544718
7274
63533
232925
240414
156702
280734
688894
863020
195771
594680
400180
383317
378961
76637
192966
514337
192052
553103
963278
486321
411396
414316
138389
705621
563159
130135
25994
294842
754565
699000
634783
887296
4369
750105
338753
165482
495151
737073
77681
908783
374262
485438
269444
374381
780068
547403
2995
557117
618824
251217
785568
7521
882000
291386
798438
357402
180975
883584
285595
41431
967467
815284
431717
24135
788608
644059
976118
48271
936628
915379
722853
88023
814712
672211
35562
79551
511672
702704
142006
696240
817728
666108
112301
136653
107722
824424
217537
290183
706920
264586
429036
170576
847626
146075
560329
104935
320685
289239
586192
912402
236833
897223
356460
391146
814325
707227
740795
169680
515840
959024
412257
103485
838735
760946
1545
539128
202470
885979
639674
366496
322997
621146
756305
495337
93081
268302
713761
304932
638283
373361
796068
184566
251689
568786
192604
944042
542879
861050
30922
603619
423410
502065
623818
601258
84137
53081
967753
921510
529752
674743
612709
36265
621258
61202
67167
786598
451914
941812
208063
959553
909710
480973
141765
652287
189377
505271
959047
261533
130539
376085
608748
111164
965183
451604
47939
332985
682242
511379
255681
21147
560915
693151
597141
278310
64155
489943
590698
407500
955665
974127
35960
238723
108714
505231
70343
790066
506780
444443
71106
567108
808846
75982
947764
610655
786590
345279
542817
713263
124238
212230
198915
253340
568844
734072
235232
995418
597916
292173
660356
302494
361700
111523
725537
291950
535955
499931
832127
842897
290287
221921
911649
993126
657403
203594
138614
590481
276801
806998
511801
948624
233089
594132
241318
986795
258678
618405
48088
160778
742529
16024
974532
788512
193525
18357
287820
482117
281790
837526
37569
532898
731950
844654
318776
814598
665382
967661
159239
745365
252253
403452
730205
190879
10064
85411
304699
378511
848454
621643
662291
901626
703935
512413
53563
635351
277496
897160
936590
122766
633822
160226
104223
621417
508237
26150
179611
563431
169795
932508
179706
354543
367206
365142
586338
908258
198830
232406
106840
418697
988656
971469
660707
268845
897416
363262
602367
915462
40995
262401
60603
656907
40230
702500
15536
741416
934015
310828
133662
790734
124934
116473
290724
365668
215183
364679
478555
405467
243535
200785
309392
502431
713447
648784
250269
656361
656722
151008
716707
822833
790632
707844
771814
117313
821644
341248
387973
340069
855609
725540
62164
480639
846691
417001
364952
926263
92045
708660
691934
398031
546215
391799
328696
760404
583649
776119
168405
612144
707216
343912
576828
581405
555707
860276
353189
250356
471492
148186
235508
22435
384494
569267
523475
890173
71695
228113
145770
464300
162515
586816
594494
448129
569130
719086
263907
850988
541263
113255
471839
946183
922870
244664
337565
322572
755090
974005
668043
568487
868416
604503
173265
70759
853715
17405
523501
746318
458621
835475
665071
667271
124822
734736
51406
774839
105612
229337
37094
445996
406696
434563
949583
779122
330936
169270
473115
281156
618655
999149
83435
549920
913653
703257
834862
168627
163996
544101
297592
130740
338912
651029
855803
297805
827850
637511
838628
991283
206530
769052
232404
472087
956702
850032
385593
855156
302347
721924
481801
117065
79318
388797
806043
217889
596824
877573
147170
980621
287164
224592
812998
74548
556846
61689
846368
554945
386402
630602
758162
765242
464574
929755
49089
686129
324902
877201
92785
730195
153314
685704
463739
817053
903277
27147
601261
899823
35740
300224
335102
420473
675624
593953
897260
873426
460891
248421
129652
853735
216275
123389
654638
406672
52278
202810
502658
653374
368563
783819
714955
740625
318192
591012
542150
656774
774486
53115
702774
398797
977333
394540
849240
578489
410900
614781
538110
629137
951705
37627
283083
19651
665553
654531
264330
731512
281373
314589
321643
157699
423354
903426
751002
945459
417195
383486
608509
710215
650053
615600
876427
279489
174487
814831
441732
664531
29299
135879
194832
446006
844957
722913
177784
384986
467600
37312
351035
466872
105191
254887
379918
400195
958959
803417
477876
718268
993478
