225309
39535
405156
860346
427090
781218
528442
451162
74299
697200
864367
181414
548218
492325
310091
404194
315068
151169
897901
453777
478419
408949
371770
673856
190403
684409
454318
738669
700376
59660
39314
243986
999860
171785
200718
483217
914215
931299
502038
69885
33335
944893
248384
257282
707839
999977
42358
136115
471795
110202
813511
510574
106881
792967
814424
859886
433491
950655
744183
943469
424305
324388
786768
727604
435076
175206
170488
298496
924469
296925
683303
296019
924660
485217
60483
316436
47637
970313
460247
71523
561812
371647
968610
743101
231097
784317
849548
280649
44631
144358
857011
701
644974
371971
675108
495728
392368
270680
806886
666236
410529
890914
466352
507791
120791
734256
190138
294159
469985
466203
424880
522023
953092
224228
960579
995891
381152
428136
57946
820356
903090
811266
563943
832272
557683
924349
410580
575289
987357
543284
952603
780856
630797
144073
852981
987430
761283
387262
470634
422695
848135
428403
59015
831347
788775
423036
553390
924546
801563
948702
563591
493076
289033
407975
160020
628890
582691
720231
994339
521412
947310
301390
64284
596968
742110
404324
460922
766347
577374
90207
288279
369808
965867
278244
477983
496315
516960
463133
839335
278624
586828
839923
370646
545580
134399
689192
640129
856015
127396
117908
999893
44741
428616
703675
125997
810112
299129
279495
108740
901300
