655619
153919
839811
563023
560390
857402
333650
611135
674857
199809
570193
451318
227855
678267
459105
460711
891048
374007
110303
444118
921744
828970
272850
673829
157205
829124
202558
892025
945494
628717
263125
329037
322566
748641
736205
820691
525520
661477
641805
520194
764373
581028
517504
194049
960400
935339
968012
628398
43867
190910
372061
91467
537226
696917
538907
224261
65141
988982
311162
623331
913108
936240
127087
931976
50370
164849
174656
181284
811876
748229
352564
378301
348003
204651
613482
348438
284565
467542
477894
632313
978041
183101
336902
971878
83169
693983
341298
483992
611946
538199
858034
812208
415015
256215
344634
310337
891548
295556
388704
264631
474726
541742
844429
286244
835512
539818
759634
931112
860864
908878
655506
143549
379112
467273
884061
667997
360952
619996
84254
429456
158424
403769
340074
437589
363251
490358
102136
688428
350840
993518
630640
927934
155898
272885
71388
981226
95479
281653
438907
152174
376758
472426
126580
595821
317705
722870
986408
254114
479410
263201
185184
461474
609762
322353
825957
791559
944861
337378
586671
656319
642617
494403
801269
581935
504388
189037
231779
990853
226821
538272
608810
168281
324955
97083
945265
966783
446083
170904
230505
737899
741685
64514
195390
676609
151149
606164
310121
672121
375047
982895
543266
480748
523651
95831
393843
517245
677481
72170
358056
75238
563142
222015
17123
925086
232276
276183
256396
508388
255415
483330
907301
285099
294180
961042
614459
239074
701596
434932
138232
372703
684374
727664
477654
464935
246843
958013
199662
237404
376779
585089
111406
895300
495133
615653
590825
569202
407939
277074
827017
331667
841292
815754
382559
870935
985123
667045
682331
522681
860500
226470
598807
955501
798191
426745
304845
550054
24901
643915
229738
507777
579215
442374
268346
34577
656623
593768
214914
563975
273230
944447
509100
653118
468324
966915
5213
67297
338069
42959
897763
222522
801337
435198
422794
223447
101044
866974
643213
834779
327556
944532
77994
189150
704858
795020
993934
763586
765151
339226
871856
891155
661527
861938
571514
346458
871907
47040
262753
354751
833120
189285
677974
916568
76333
527375
96468
459666
293323
889972
168858
369210
8861
247467
304307
140009
414286
86951
356016
674058
924305
460112
79736
407305
117956
581120
61302
123290
293678
756631
539952
53987
819431
144891
483064
949831
237463
286191
82299
963664
732886
67919
935606
350520
718963
805093
389897
387156
522640
961708
691492
408542
31531
52703
363998
802461
685751
404988
583268
568179
286824
853978
26510
265731
702734
375588
375949
833853
113689
744497
271361
256903
519867
477697
918823
691081
891243
546007
745264
528533
445125
288174
984684
939762
229454
452313
60581
746244
823062
526266
494409
704537
124278
971486
293438
462802
149689
285364
269082
936044
675607
676328
441835
699562
197276
642273
394032
857505
366760
753363
159659
691807
177423
138369
195854
428985
331872
708179
865234
570800
741059
720207
451239
963967
140284
300599
83782
25220
796172
99647
253858
684360
170806
519850
850940
129517
63967
119488
153814
147571
463247
737454
368511
339623
36500
400634
830733
986984
907717
131745
452585
173911
741668
104782
666308
300891
93085
109177
92200
976525
874283
705819
165865
676295
912026
342729
349306
526980
136103
996468
526812
205364
910339
22332
29680
114271
158326
959340
100462
595763
757921
954518
553966
73388
74716
193740
674212
63454
911933
513016
122409
179490
696122
414809
520244
656027
139814
918811
694183
701348
335447
358481
104197
523352
131241
395857
464834
78077
919515
281068
486067
30989
148374
288264
425125
420003
925518
213276
486665
526079
628737
243336
684429
700342
252509
130895
9925
846841
152447
167346
901448
872895
64533
467178
497176
731730
357924
990145
97081
444147
181285
279885
24162
330731
854027
31242
870801
357936
758368
64403
806137
243696
14157
570301
904279
665084
119416
991632
46947
896980
92104
768931
665633
505611
302980
913299
671126
613079
190873
774495
719128
604727
228410
7331
251903
715841
926370
625839
208248
376455
274101
196100
948663
2213
980100
157098
520652
218922
962991
866929
997455
500897
416549
693058
367798
740539
443528
125920
729029
747674
828843
562369
621220
846140
275773
72451
520332
252866
919231
729549
656795
361948
272625
509699
21448
656084
686667
266277
30512
494131
770535
393669
106959
117587
928956
804259
798602
374595
100164
659942
500456
720592
423039
398137
320673
230518
22737
17344
417935
256035
674439
286390
313537
190244
711287
206757
646127
529391
448197
249472
987079
295500
359938
804064
308582
978784
140398
994330
723938
760023
819486
454585
834564
861357
519545
490589
732947
680474
742428
775599
111627
529880
147550
544383
391533
117394
602797
700861
518576
187690
762007
323985
479445
630695
451557
289559
532248
547066
157794
262330
394690
249323
51577
935532
345819
741605
109820
558911
526077
812314
615041
668003
314308
932692
342503
309949
109538
579930
10870
891168
63439
773371
685284
894378
764573
572666
51252
740221
700649
427349
388153
967833
219182
207988
736697
375507
380083
590827
253100
78260
851237
325036
850788
513841
973631
100748
188230
828226
524133
858992
16246
630689
794385
744468
301969
866592
80932
934263
43028
954279
258846
179239
702874
352073
961513
827428
20674
811075
818960
502836
372271
650384
674893
752323
285800
148652
365311
591476
975136
834915
686330
153928
780433
909140
867193
660649
152257
186951
934638
693140
831207
674088
488762
935585
65510
428576
200696
316401
553400
152463
169908
527603
