193038
580477
750120
852544
842263
104242
770661
492963
907898
798962
511000
575881
999791
273402
404326
398542
790918
453388
841115
489183
533512
557927
656472
401921
867773
675560
753255
261563
750279
533437
903407
611362
796140
19778
362818
178943
209265
41978
468756
174814
55201
683243
521735
402614
639149
555990
396449
50544
738029
686417
678239
973590
892933
673411
460323
826521
201187
870716
909832
244414
809060
717678
64790
938727
400598
584780
899921
945210
923352
777278
505836
102768
870494
946558
175131
38012
130001
414354
14470
329109
261651
997926
921561
319970
464864
230853
259320
467457
893392
970100
109648
481013
781240
725803
959433
913450
561969
468529
883223
154789
828528
728723
933744
124044
378452
343424
45272
717455
964159
583876
935384
262706
353179
396831
825357
677689
76158
833474
159260
603951
574120
803109
790083
867666
293353
845767
910539
399902
802336
658499
550169
47668
915806
848844
254500
90087
194408
824645
557121
831908
88091
126847
834203
959355
483882
342032
63486
494798
356931
769036
18130
554069
923921
978083
472164
924043
435098
503895
18656
410168
358727
1432
390171
567132
653700
886653
273485
493109
466302
193441
78364
559213
692233
397528
366035
372644
76452
337933
485617
278165
1172
767354
629790
825383
200684
994242
420857
777234
405614
2862
528460
378156
682444
925058
752417
884880
967239
751995
16366
988009
