267629
266835
118017
541449
697740
723769
199814
247416
513950
648919
93483
88710
578067
202742
730244
291844
439418
611406
839952
422456
267687
532096
174060
210411
267952
735277
745129
563406
965457
234161
154935
217606
673903
454848
681344
661979
228218
424347
863953
516280
826923
593326
462387
321952
66797
135241
530328
43118
305944
187833
829553
227398
601816
894466
757404
737502
256236
358396
625339
811939
407434
684040
329184
352713
133281
41709
621732
526194
978550
691538
16663
35386
676144
616666
427025
739293
415855
825176
28839
300934
