190352
268438
631545
298269
137665
482708
116832
297349
210161
185417
778770
309676
386836
594250
55509
566576
234358
229271
995843
879057
475772
373429
999834
923425
489986
615466
855537
40584
956196
95381
864837
270769
909464
375655
990130
488725
158200
408450
561213
697378
582622
673580
551502
76423
566441
997488
603515
271647
745052
609233
478015
973111
844709
238764
589129
514110
252026
317609
459313
701320
927775
631837
109189
975870
703749
749120
411202
410854
485708
804102
472286
525835
179561
163612
476546
366921
45539
805056
230293
762615
121079
719165
262836
711217
482780
186242
761982
907776
896545
106846
958027
832425
148978
889115
447228
467983
676537
980212
944109
693765
190560
183475
481415
248116
915637
743595
389107
481957
938151
997711
998377
149996
203373
313006
395686
162226
840070
650828
624252
447133
976795
367326
167299
476190
965760
660257
348781
588822
171929
680535
327735
224934
717465
965599
854076
698962
678054
249008
532324
298705
351001
112050
102649
462259
101281
409721
845722
828591
34567
463134
490440
731784
893964
651516
627870
997724
409838
836
423005
843913
253833
483198
890149
107132
936155
434780
58240
39959
575520
676924
633561
589054
598492
337467
219722
640511
511351
471984
871123
64924
822210
660300
606566
320053
298263
458572
45086
15510
449183
781720
172688
586523
881710
707004
782202
486972
270024
579584
724377
95545
155847
152997
175254
903203
538644
316479
200736
958148
87379
314922
236373
10156
25243
242922
717337
425497
9442
469091
983178
349890
492024
45041
610058
13824
779562
170661
646651
447834
23175
977693
287945
809323
399423
513151
46176
596786
935334
619154
463871
901622
472728
486712
637860
102164
36791
848780
801191
343014
67728
330900
654243
822482
493724
676259
345103
462380
99746
833422
686634
709001
850810
272264
605269
111585
779436
85213
354554
325152
523254
986312
279338
443465
704044
764785
399749
524231
849146
758150
584210
418706
624325
868532
543791
720698
931632
493890
535394
548564
616507
840458
973453
676606
460741
79702
899072
423503
418098
954451
817833
844704
615527
214132
205030
841842
957106
607526
312763
783034
674631
750507
189215
232976
544102
876438
98289
47792
964568
524514
210312
91946
779735
41838
284519
78764
876493
5273
513872
441706
989493
461750
118063
248679
864990
807532
930999
832355
147726
786989
939467
865633
541123
619857
563730
778324
815125
303182
667501
372581
780407
309910
554885
432676
429276
948941
180605
854408
513270
90150
517383
723044
202073
251097
415698
346473
600830
758595
307297
764626
260324
944409
447991
233648
480145
665354
75822
497554
637687
953969
57896
628240
742769
366772
117084
950068
140524
550012
96914
528198
782819
366289
628138
484339
413314
902544
927126
157273
253484
191884
166183
647474
596952
810367
265093
625370
271382
487723
372473
185854
967344
231314
857188
281827
242155
31374
811219
491536
845037
661262
673450
2650
962104
359085
54524
653258
405780
859760
398973
579948
485707
520348
942159
753335
786702
864114
35640
629652
198006
440841
954869
753293
508516
812294
886312
714515
248073
783865
426540
68140
598785
588055
1097
738231
205338
181520
78275
232285
229940
165069
907789
915606
281088
951752
151771
549525
231914
690247
819669
518673
842067
545718
885415
949297
325623
331232
873461
259988
663726
597770
513708
493178
141774
805292
819572
350674
205357
576077
65729
332064
855556
619897
458377
311690
771439
152866
925968
90624
183952
258193
915998
466951
956116
255879
826131
333088
937486
613428
771921
35289
898047
30739
194711
91183
56247
13280
467566
79902
547412
548151
256251
517832
242665
367179
874805
91453
87035
617023
82097
933933
386597
284580
86938
898407
891227
266896
274172
787853
349387
201751
816319
495255
527711
693353
252528
448064
199903
147400
268411
323344
777716
463587
429365
406983
253831
153876
6422
226979
396680
287539
313860
868879
799947
198293
442250
768744
970444
13797
899815
797228
764627
212252
189955
132225
470835
491872
373181
427872
705004
795959
831455
811932
451824
188646
414451
547027
535043
211690
259247
926511
454267
302738
208331
267609
408295
639351
109747
557628
549452
761689
245080
585649
553866
286424
495969
997452
87134
830796
504000
452738
965057
571841
560031
46710
192109
824914
930104
413855
656127
752480
991428
365334
302456
545904
60811
635073
75805
946015
630554
581720
55359
384258
41171
798993
551125
872478
741470
884140
273413
458560
847934
82141
442113
859643
304062
763665
12494
257724
233353
919326
317920
500107
488793
883788
679074
865888
902280
911098
969810
790176
140994
533871
32840
284531
370204
852862
58518
766786
739965
783125
583627
403858
621242
84258
559762
98360
604800
691873
234040
528440
196650
875655
786251
549566
164211
976004
769949
939128
390085
873849
679080
317326
181040
441270
750155
970815
314934
853870
661299
304473
412291
516538
729813
424277
800058
94086
449431
341453
535146
339868
86030
922138
645663
485451
327266
33614
591765
745779
926094
965835
460296
778928
703492
303998
485607
686241
459693
258556
67238
253972
235278
875575
54898
644112
238406
127324
695744
730942
167924
868813
197503
108020
61429
813750
543084
853983
385931
214798
764739
407885
112857
7596
163411
263381
220427
983299
755243
642211
22162
94652
139056
979684
248205
123054
88400
998410
840259
603773
519121
498940
931789
174220
333571
396446
277969
393120
113108
10744
896680
901330
319234
99909
323425
28336
425259
772763
771615
757106
893312
692465
734365
622164
254104
392466
966098
950036
642657
107165
146864
249738
740785
565110
