441000
924098
890747
787708
367797
298714
196056
676822
579252
509299
599411
443349
242426
303412
874980
308637
48017
528052
653669
627760
724313
392505
660933
405747
743882
619788
109237
222235
805652
46325
637888
776308
440871
302553
219928
268878
769038
357676
468171
198404
497782
833108
357397
315178
212685
197596
753230
156306
884614
802385
793284
431227
935865
716477
515235
565015
155110
312445
544529
676600
831066
907905
781207
603926
160618
508448
739065
158527
293980
841110
437478
636700
980198
703899
207434
936795
665934
449568
304385
789502
786672
418857
930983
258560
70814
155649
39627
432671
537761
687839
214402
779467
873502
948756
740183
406825
160596
778669
724064
805828
525250
844971
178284
978065
52710
942044
635608
563549
824927
481813
315009
260373
442420
619343
814931
420913
847597
92060
698304
104831
30047
946756
989069
695624
989126
367680
623942
424736
272394
93970
409042
297551
150052
147327
871073
737175
511002
311338
233537
868514
35622
856783
855632
905930
45237
962712
763340
270276
155275
149727
326534
79210
663363
121537
77686
799715
109300
757531
495271
883185
194160
211044
651283
864406
872294
843239
505289
953764
922087
950875
457162
196256
609285
230048
483764
768146
587160
766233
44182
134124
419866
850336
946210
99028
669042
940522
72448
935952
681998
938873
67647
58509
819625
559736
395750
103052
570476
420534
694057
446506
409776
914754
809847
646026
247714
209055
125104
742817
207936
152228
114676
903965
407488
639219
884375
961459
727055
802067
287920
116548
767222
184621
460817
426219
755225
8864
190417
559397
148826
658561
81028
614941
31002
143218
904204
438804
342432
55517
916937
708458
733906
579534
495084
372427
206111
63083
551017
6649
839999
338320
300939
989361
811922
963019
730977
692989
152677
915441
853974
29462
568788
33243
375518
14899
870345
90688
817420
982962
79010
842480
664321
802210
788785
751275
633088
158827
95069
932508
519836
505882
181733
284789
171282
489549
329861
202408
590323
813879
598833
460735
390586
286929
639166
108632
561532
449246
241760
719809
161789
707417
29838
291500
356574
806588
479810
40143
820724
965039
273052
119835
366389
115852
538598
357910
862924
351627
32050
459863
221324
605775
484512
15005
442560
44620
953916
689485
604257
930259
673924
636039
324833
724219
68359
711652
165732
552430
753896
904461
552846
903501
892098
858171
776503
493697
757989
791238
574971
648927
640127
226092
411183
84407
881559
43809
990062
859001
523186
58445
944913
575557
453720
137319
679357
127822
673648
585964
701525
628905
329160
76475
101648
90104
819249
61328
732198
265581
756807
657627
913445
62653
117583
68796
715616
44772
317113
173790
654150
137806
166468
556013
9424
375657
855232
953333
897684
640133
687279
161560
552119
880804
198341
552108
369216
890980
933135
308399
294919
639686
668080
72039
201676
563866
805958
814171
8227
979593
670570
734631
148749
221502
566294
630656
890979
411442
123106
285381
981099
441300
362407
850749
114061
794641
322052
124019
54239
950533
50111
202091
171933
568958
285827
860224
213300
152104
854983
828507
961085
430491
320592
558610
434055
567870
985933
264411
46413
943254
43295
52203
164551
411695
381500
21359
871516
351909
377577
748838
547700
709839
770852
6169
494508
362057
877028
75320
200483
130845
877816
76307
492657
455182
611020
674545
986168
879616
811147
901328
846354
15303
653726
50874
183722
330698
231698
630721
284838
444115
566679
104855
110018
386167
636388
107596
477368
942173
226424
431268
704475
119468
285756
409300
114244
429269
468741
644889
735459
47674
108789
751414
942967
284537
803968
225544
351960
715610
483404
732551
161137
983889
158834
820379
940684
959215
622818
241432
610054
554027
15715
133208
530593
216521
76983
115636
243768
382309
693276
124255
153869
292254
558511
499294
556862
979298
625900
818536
966871
35601
910160
343830
248641
61520
995359
892550
300439
356845
912770
56786
794969
537002
501000
42920
923769
637864
206669
183622
934419
413746
692664
799445
429178
315810
532126
519199
679725
115123
886084
211053
657577
16741
60801
184577
149528
215815
761666
423980
205799
490916
554600
929166
599093
677260
393804
855720
490279
185982
829346
276575
570648
283375
145787
485520
533486
588345
768100
461962
999880
160483
379948
195308
414483
420169
672899
293980
38332
783080
187710
451745
594368
747336
914679
728350
386974
495174
203858
612396
287342
677821
220762
102098
946316
859665
241801
414052
51628
62871
938982
733877
874385
155876
142281
223674
76057
296881
538490
519420
247856
909480
500216
28793
29797
875277
984725
603736
985625
242572
687358
575432
789715
138395
88345
747188
277489
226251
362375
964836
67322
186737
264905
27443
573134
184747
601406
801833
661630
362833
145674
783733
595256
27066
933907
528520
557403
526824
449509
921424
910569
188113
273334
22031
278874
18315
979395
571288
309965
999123
144792
942630
423706
695929
889199
678553
922307
297772
647792
793550
448648
170782
321559
323481
59289
123987
781940
169058
288742
836043
158667
669721
476627
710602
628187
983191
272711
628033
659644
65170
550756
883738
700449
238845
296337
319717
947262
912058
834290
887066
646339
804029
510393
565962
716486
287230
230422
412967
217918
113562
947530
942828
875243
500039
51609
680426
649300
834162
926878
628721
491432
620599
790520
959191
730566
129468
787746
104744
332120
659051
655201
833898
846746
573002
514518
356747
675129
108600
661171
793961
526294
600902
981002
974398
879273
719855
580289
132583
80450
798262
829474
739855
847659
11099
233615
685948
