676711
883934
557058
950165
513524
807830
489796
938520
42995
134886
41157
24490
450826
523402
693741
188530
7549
448656
229445
629028
81135
11699
770814
297707
258697
438488
634347
971186
549363
544164
837007
357200
726720
904312
281937
89934
527334
499594
452812
539733
568490
242785
332995
897081
324442
172845
791601
601820
994484
740160
518719
207360
659365
894253
939471
777901
436843
581756
257909
423675
578011
656838
655558
268669
378815
823027
864008
583434
550999
805518
962761
168809
671104
9858
177867
381080
988211
865460
153948
784185
542500
126076
525188
775834
340810
202945
148568
794655
383166
717743
911980
10062
445053
463896
698278
745143
124808
508324
413805
865406
811179
891062
900223
109383
35994
504158
266850
663996
462070
510324
825970
766014
626735
462999
494425
837926
260
682690
814685
129654
557863
208839
319636
636641
952252
300460
957618
245555
129471
819935
184067
66846
381380
239126
612084
69731
247258
259463
448587
769177
90377
37697
182455
928989
429627
29222
763074
734679
407671
620101
535202
81444
225800
228312
631279
753317
69884
862231
300592
300451
391624
556919
243726
796510
861769
293762
203050
154609
642341
564628
219338
369123
825744
591855
443502
423884
646379
56188
301185
483361
517510
515295
388011
809823
290950
303669
517123
374673
985890
580461
922978
878077
276615
521088
971219
181297
262556
598990
991590
439333
267616
660246
951460
387789
831790
912658
888220
727614
261666
664685
591964
516986
898006
381346
528187
29466
710470
729458
548883
473495
436050
638337
888781
80756
260129
634062
756117
292876
767393
141838
584684
280371
866285
937315
765659
682764
237832
98622
155397
172583
663302
627470
74390
8020
813194
439011
758040
500297
975530
310820
998052
645227
547567
337897
529461
913404
625144
588150
971032
735074
216701
321301
378623
711824
222193
592271
690741
163603
696129
205894
791213
66235
874298
281906
694323
962148
444871
373686
296004
56416
851671
139998
694457
275714
381917
493880
91933
316938
370225
485452
217248
650216
470996
572473
613221
447599
830289
382125
787254
826519
123774
228736
851223
946415
89186
556462
51192
732701
898161
183855
551619
177043
702258
958325
13974
914448
376641
694465
729995
855568
38257
756067
226162
820818
461449
132940
172192
518532
145007
221521
787552
388748
665379
334142
716680
296117
746978
278037
751271
534068
248874
493666
33947
579671
940637
231036
893823
987593
748031
687066
646401
701700
305562
770191
99857
288339
636801
529763
133173
96963
802481
396240
19897
773862
938515
477974
30532
943107
6494
76795
807495
794013
825433
293475
298766
257118
614462
644039
911609
527200
112890
467477
709188
562136
491473
376484
821953
616352
162911
528850
547560
890848
486073
684029
463429
196760
16306
275226
913167
918924
725625
506421
180441
406859
147040
922501
578273
53150
700471
993387
391942
593034
71191
624903
120535
163522
181115
683383
296903
474541
871496
419374
355516
692623
536813
510124
538118
583254
45605
415327
519853
937348
326617
343638
496675
440051
547363
381342
416856
747402
400622
431291
125869
579771
7801
906693
559872
31925
513914
668572
52006
932525
92319
891401
112566
46661
919727
559154
476546
556630
700432
619001
721313
979423
681633
488691
777448
323337
421767
723072
989367
129814
246790
39436
634223
413030
985925
875425
961281
380710
389108
31398
206242
787093
750921
954232
884058
555124
902373
454435
77820
405962
852758
656508
929776
399825
400693
692255
926508
196992
741808
486785
843713
649782
206818
758833
945682
49024
212446
981936
699743
776199
918731
938857
69119
304921
186281
160526
369452
884178
474802
279185
396152
941543
882331
136380
15454
41678
41785
334254
744628
520653
578817
144307
522172
407646
501032
294142
49561
346684
627689
567173
411678
813518
863013
47226
235266
613164
397540
903841
710832
696018
63481
263250
844283
979232
916420
28493
564719
617995
919570
963701
572418
292132
541919
105707
378090
368067
518203
243720
248840
341520
648841
378102
773377
864557
567972
221036
145518
636355
428893
793028
80297
993832
535712
311738
780616
97450
545077
186563
999782
388987
123682
857735
590684
879672
28909
123517
434831
915736
892926
655074
736995
212078
874275
45142
364686
476378
179758
723923
692807
935890
216249
361674
435229
359880
883530
666460
994851
539449
949969
604978
236297
622354
750094
537913
781766
627710
555087
353853
440113
953104
747863
969569
558703
295306
137755
942841
941511
37960
263078
106820
163730
742988
604764
141833
987022
926631
296219
376588
160977
486336
770365
995181
6234
62020
891130
691230
384899
10666
960363
848959
733650
569377
482921
327128
343407
794521
909076
77490
473457
162795
565551
920850
970193
443302
697321
203603
935808
535351
297846
967519
188756
409972
55644
259914
398557
434565
158666
917579
594326
527535
367266
673943
186296
120703
343768
678427
422760
438159
495538
456086
426768
594552
800623
709330
585930
640532
504708
608061
402297
398830
469633
886248
26226
214857
118483
770651
516120
996809
645858
78162
398598
693570
827930
389529
174500
914332
471880
806143
590109
380192
237018
318714
296039
541153
158153
889879
207681
155337
443090
580764
494779
435199
8415
177660
426095
656114
990917
961141
703181
768261
356647
953994
819220
321815
721975
224408
593565
787629
733916
284504
858321
149439
403760
884976
544763
48284
670048
784821
203000
250426
453303
827522
253131
367518
968052
355566
65037
350244
199319
273196
634434
222956
492027
374532
133894
738209
65373
129962
716902
807399
65338
569912
408715
160672
571415
127373
147472
121436
