669252
844274
405495
505768
256787
898369
645913
468226
14262
460010
42223
966743
860617
922317
591415
501971
494275
712475
766475
627309
6781
377334
49841
70676
671824
306725
633617
881335
532699
157873
849601
335473
249828
143903
53117
461520
543830
144649
938098
22977
681064
371483
510265
879641
915870
139687
653537
150530
671337
54182
610917
677632
33130
526476
414204
83423
52053
753926
532304
761915
703728
654547
38278
825324
648185
401788
650812
744012
344487
871281
49681
573285
656777
734914
55453
468988
866955
54519
144769
186356
